3.276804224090335005e-01 2.802658466331386933e-02 1.596441144522580124e-01 3.674234766446132783e-01 6.841488103154631517e-01 3.222517984245931721e-01 6.910728271562841529e-01 1.337442604040341987e-01 5.824193440999699822e-01 5.234276414079142015e-02 8.224291314119424046e-01 4.789667485283637394e-01 7.809596248771428773e-01 7.042508962606863765e-02 2.187282024063761376e-01 2.548504347186177910e-01 9.111730735915869461e-01 8.707644271573945494e-01
7.239595333097501584e-01 5.831907020107423012e-01 1.976074696234109140e-02 3.390700480334312150e-01 2.081832913335566193e-01 6.766923851678234847e-01 5.388291201932888796e-01 4.423673541035431089e-01 3.159919253651131132e-01 5.403733183144342478e-01 6.927398083672789975e-01 6.477375540573604429e-01 7.640155003991286886e-01 1.315953841112020850e-01 9.243310466956811133e-03 3.601292598197781691e-01 9.029174813561923196e-01 4.752333087112196042e-01
3.737952273576913287e-01 9.726368800922646773e-02 3.010552881028727423e-02 2.374070350536544582e-01 7.382116195320906904e-01 1.531730862113529490e-01 5.368553038943476574e-01 3.735531270041558827e-01 5.326736201096821111e-01 4.056579174065464422e-01 3.607131573796090729e-01 8.864840916228200474e-02 5.432891674442537067e-01 5.127244049790818936e-01 1.931454218033575865e-01 8.734414947820224873e-01 6.896802518827382933e-02 2.134462270070175416e-01
6.503286371980289138e-01 3.171720623368459169e-01 7.764763058826533726e-01 6.162983748521724259e-01 4.396792227527178687e-01 4.860009312093825917e-01 3.754499560075629239e-01 4.861929820121612122e-01 3.517592251459413788e-01 1.017038583705252019e-01 3.045785157863472037e-01 5.003053527960035218e-01 6.486689698139049831e-01 8.301089963042852515e-01 4.788004922534331298e-01 4.934071341646300013e-01 2.886345521824292826e-01 2.130637331462476025e-01
8.496661137840417766e-01 4.630938773506236839e-01 6.201996100387979771e-01 5.544526687605723092e-01 6.944352359003024278e-01 8.719623062351928855e-01 8.850263921036886083e-01 7.445879514542681488e-01 2.522353813112971910e-01 4.921135655356421168e-01 9.407951321183636306e-01 3.624485655021788544e-01 4.860042880318512504e-01 3.897535101036868621e-01 9.915437093509994471e-01 2.807691481248244525e-01 9.336917089213866427e-01 7.535346395711602918e-01
3.036246673099488591e-01 3.137332964390160406e-01 1.893146019300169236e-01 2.205454593208018288e-01 4.048328028622285579e-01 3.918830133128229365e-01 2.717284156328084732e-01 1.803031241338377555e-01 1.089606841913349777e-01 9.551794738194974155e-02 2.122983917560068434e-01 1.809273240053371756e-01 5.658755173512575176e-02 7.393218851248394285e-01 6.685147860645382911e-01 3.758469657841680966e-01 5.026752992158644018e-01 3.398040477714665553e-01
4.135051316824647216e-01 5.073769338942624163e-01 8.277747328255572468e-01 2.114514703975313159e-01 3.569607626764338404e-01 5.485777899467914054e-02 6.575447134374629021e-01 3.753546629528778933e-01 6.900094137800110161e-01 4.899273216754872484e-01 3.285008341674704457e-01 2.110605740101346717e-01 3.923522088245881001e-01 7.466890794414876575e-01 4.354952645987768545e-01 1.589263459895476904e-01 9.768337645378786238e-01 8.184860626514952608e-01
2.793771314990012300e-02 7.048188502528807131e-01 9.988306031797906659e-01 9.888663462727986797e-03 9.102700456561492182e-01 3.086687774644194526e-01 3.990355753650984827e-01 3.210897375068492154e-01 5.585922113546973877e-01 2.752115460979757122e-01 9.988127585439280365e-01 9.572363923827658105e-01 5.680562519071452598e-03 3.625452937382384055e-01 5.178592486938015105e-01 6.615797513750186765e-01 6.174691727390967388e-01 4.583405263717007516e-01
3.859634724978439069e-01 4.240386992600909677e-01 3.836361249016273511e-02 1.276435346874141841e-01 1.247138497178623684e-02 5.383098760965521201e-02 4.484247026468382025e-01 9.925297685428544625e-01 8.271784442994497555e-01 5.505257083211461122e-01 8.911169298335177569e-01 7.177432987420320210e-01 3.911855764469277519e-01 2.769079591925061035e-02 6.942829611865498629e-01 6.467898666378110173e-01 7.563905395028626133e-01 9.245029354300039470e-01
3.036246673099488591e-01 3.137332964390160406e-01 5.154670349412260322e-02 6.556753020652114072e-01 3.578628807166319703e-01 5.593995503016570003e-01 2.717284156328084732e-01 1.803031241338377555e-01 1.726892324200417494e-01 2.135133728337815784e-01 8.857735206797602290e-01 1.809273240053371756e-01 5.658755173512575176e-02 7.393218851248394285e-01 1.258805610553356269e-01 3.758469657841680966e-01 5.026752992158644018e-01 3.647520500116280262e-01
8.092388991658638897e-01 7.659138940716030408e-01 9.062970206813060203e-01 9.362458341593995481e-01 6.149635476546433388e-01 1.763916531356539696e-01 2.120413956262360289e-01 5.950641933813242135e-01 1.888133419160548110e-01 3.651163853032379780e-02 8.207556204069743622e-02 5.398543811630065470e-01 5.586620483990163422e-01 3.677130485427122508e-01 4.719458196025634322e-01 5.473042178904525823e-01 9.386703873809546517e-01 9.674333579648831671e-01
