9.074644661904129883e-01 2.363072719212546691e-01 6.517968844781668603e-01 6.690588362166903780e-01 2.165117561766556342e-01 6.597407922811757697e-01 5.708291667504671318e-01 1.651119605843320848e-02 7.943005774046849599e-01 1.661522728745784550e-01 5.524588013612664605e-01 8.106658155429309343e-01 5.459147876519790943e-01 2.309151128524329355e-01 7.746114718581841307e-01 7.105307120293813394e-01 9.269016161369872941e-01 7.291619596543127413e-01
2.677438726208747344e-02 3.614848482855549383e-01 6.099098807092377950e-01 9.830392914655305958e-01 8.092568974840173013e-01 1.498826259316022869e-01 7.599895650035504158e-02 2.739835349039354551e-02 7.522231732404048854e-01 3.178222568821386096e-01 1.700618885926319379e-01 9.066268554823231351e-01 9.050231469468545953e-01 8.749023706385468113e-01 7.420280993158455685e-01 1.799556954319079249e-01 2.466053762956403883e-01 6.406262309530991184e-01
9.777665862050056722e-01 1.404628889377003143e-01 5.184137525372353172e-01 1.187099186106074233e-01 4.099716234468407938e-01 2.053596188522038846e-01 7.958875406634082772e-01 4.645397785478385666e-01 5.283122032859233208e-01 8.930704289544828534e-01 4.227141613674092469e-01 3.484368701783557842e-01 6.478528560938658920e-01 6.732309109684706527e-01 1.877318896003250526e-01 4.525445103526503088e-01 4.942288765324955868e-01 4.868135793177097437e-01
9.293969638885901663e-01 2.895892800252749533e-01 4.436401133241723027e-01 3.581987631812050266e-01 8.110107619218108743e-01 6.573568606368873635e-02 2.245276126591100319e-02 8.435879291523257217e-01 4.904099402444006550e-02 7.662761942661964198e-01 6.452182508464050503e-01 7.205311339156627026e-01 6.557599974560915923e-01 7.337910060309610349e-01 2.014590427409568285e-01 7.698179591482268158e-01 5.185254149166237392e-01 6.108382012179488507e-01
1.781462780299681858e-01 2.702738892897941225e-01 9.401188797446946577e-02 2.459054985658835069e-01 1.547203686195464112e-02 9.012059523737722122e-01 4.763289897364598735e-01 2.310526155330970832e-01 2.457830747698735996e-01 4.352036259026353937e-01 8.001098813729746739e-01 3.412212823083945468e-01 1.259256236654571204e-03 3.793014276066728474e-01 6.235008087338512750e-01 4.662493734889703312e-01 4.474450413330248733e-01 5.301860220164476001e-01
3.375854535308774329e-01 6.999583011520228437e-01 8.709628060499378099e-01 5.784455090349183148e-01 4.934895872418854079e-02 6.043891383255806105e-02 2.036291431577135214e-01 3.189140553483554852e-01 5.430536154581508956e-01 7.975205843132534556e-01 8.229553954343070687e-01 4.927821354335282233e-01 6.193639402572577168e-01 2.992724009992328016e-01 1.407154534914788480e-01 7.616853889751724616e-01 1.848350771455166131e-01 5.013870191649627550e-02
1.768351536173954353e-01 1.074621396362206438e-01 1.574599735860271466e-01 2.509632844093055981e-01 2.105906386674533115e-01 6.268333354894211062e-01 2.463706310064123217e-01 8.775423941716120613e-02 8.357927520540744393e-01 2.977589614477997859e-01 4.107417325932943841e-01 8.584458680073991932e-02 8.092903344309143598e-02 7.213784456645835341e-01 1.385156593325107544e-01 8.083437777398675417e-01 2.011273283262863254e-01 2.535851587351856118e-02
3.780035420474923136e-01 9.720545125465268610e-01 2.296317554932661986e-01 7.644927828230327904e-01 1.213443714589499400e-01 3.879555494525590564e-01 5.756878378781493666e-02 9.819296312311379671e-01 3.581910711118706514e-01 4.889041344724517346e-01 6.921037603895452417e-01 2.584596329414229343e-01 4.585427451560764034e-01 3.107602626408874080e-01 4.433064902538691454e-01 8.524725475183716483e-01 6.534137465814389145e-01 1.703089668736446072e-04
3.780035420474923136e-01 9.720545125465268610e-01 2.296317554932661986e-01 7.644927828230327904e-01 1.213443714589499400e-01 3.879555494525590564e-01 7.512351275080503266e-01 9.819296312311379671e-01 3.581910711118706514e-01 4.889041344724517346e-01 6.921037603895452417e-01 2.584596329414229343e-01 4.585427451560764034e-01 3.107602626408874080e-01 4.433064902538691454e-01 8.524725475183716483e-01 4.450317329963040525e-01 1.703089668736446072e-04
1.347630864586226718e-01 3.948472377063324545e-01 1.686060142139300666e-01 3.581987631812050266e-01 8.110107619218108743e-01 6.573568606368873635e-02 2.245276126591100319e-02 8.435879291523257217e-01 5.201745374574823222e-01 7.662761942661964198e-01 6.452182508464050503e-01 7.205311339156627026e-01 6.557599974560915923e-01 7.337910060309610349e-01 2.014590427409568285e-01 7.698179591482268158e-01 5.185254149166237392e-01 6.108382012179488507e-01
1.768351536173954353e-01 1.074621396362206438e-01 6.697035465689995526e-01 2.509632844093055981e-01 2.105906386674533115e-01 6.268333354894211062e-01 2.463706310064123217e-01 8.775423941716120613e-02 2.376368272147072469e-01 2.977589614477997859e-01 8.018349384476546327e-01 8.584458680073991932e-02 1.578683543224179697e-01 7.213784456645835341e-01 7.826855815831490482e-01 8.083437777398675417e-01 1.425559048066262768e-01 2.760840880111524731e-01
1.129403095327641271e-01 9.521660804961310509e-01 1.950114676190217722e-02 5.846253271348833547e-01 7.432322476776267450e-01 7.092547208745941800e-01 1.679239207648269838e-01 3.813672125569615989e-01 6.437341102144731320e-01 3.347573931723776264e-01 5.294894717606841716e-01 9.425748924581677235e-01 2.801696685186657598e-01 5.006061456454086178e-01 3.677872747819527222e-01 4.354240325124293376e-01 5.698432248935840772e-01 4.910276339497585685e-01
