5.117042275434890986e-01 7.583652726882220696e-01 1.116095496628566330e-02 7.119537881882288533e-01 2.842816976129272089e-01 4.134064994895503276e-01 3.156267673830686071e-01 1.842112099161519190e-01 9.482300414326050308e-01 5.223283250083006202e-01 5.695567209967992151e-01 9.828921232785299278e-01 5.316506895692727497e-01 2.642308694284998261e-01 7.525510916039030995e-01 4.520637559661477844e-02 1.578946178591702498e-01 2.808533737785876561e-01
6.963028607301768869e-01 6.286527383370945632e-01 5.509987765031666429e-01 4.962054292368315300e-01 9.997190166273738354e-01 8.321540851149439311e-01 1.079790096342370109e-02 2.442306524343598184e-01 1.587520946860950799e-01 6.138693927480726176e-01 6.413253626409799457e-01 2.948994397104205412e-01 3.214023657540157064e-01 4.899823358320278821e-01 9.151957045792059597e-01 6.935495973620775523e-01 7.551351638620256157e-01 2.090115401274390550e-01
8.109959326703277682e-01 1.305798396539470385e-02 6.807211033644002818e-01 8.646465547188840750e-01 5.636508939547932862e-01 7.971020113896333248e-01 1.790581714005742286e-01 8.136443412754068572e-01 5.832766865687160074e-01 8.248734824299280843e-01 1.866869297320408183e-01 1.674345337300024994e-01 8.907227437284620519e-01 2.160386706211799845e-01 7.978250479811618279e-01 2.524331052491242122e-01 7.263429332353723566e-01 8.212878776890641941e-02
7.500053516362059636e-01 6.985491161239703040e-01 1.058855612330199536e-01 3.048424317561434504e-01 6.337090474457185429e-03 6.911901250045343614e-01 7.123084659028200427e-02 3.819653980907092850e-01 6.814006008911250856e-01 8.711355989343069206e-01 9.157449148493843616e-01 4.651997478549571019e-01 6.254931429694235989e-01 8.374744243203698923e-01 4.985266210969244716e-01 7.780191623850294391e-01 4.505722947716631621e-01 7.431565639437518467e-01
7.841292357082400022e-01 8.184798369642789506e-01 9.150169488940669282e-01 1.665943603646625748e-01 6.377214852476980056e-01 2.189384911916988363e-01 7.134764859830505790e-01 2.822260144328762044e-01 6.614367116851067596e-01 6.020973132370864844e-01 7.859628379207299620e-01 2.165116118924352850e-01 7.306906191286891561e-01 4.317612666563196422e-01 5.259213068967030225e-01 5.410661783064909525e-01 3.189812034595757018e-01 6.597962611308412217e-01
7.845886541559266014e-01 5.256023668436649032e-02 7.841879056014737781e-01 6.810295911905902555e-01 7.492418822338620110e-01 7.837343146117589088e-01 9.020132826410796056e-01 7.166555655740114439e-02 1.183501228085428458e-01 7.248826087970081655e-01 9.804116028330533972e-01 1.113983122931538894e-02 6.307657499840724213e-02 6.766056221969504181e-01 6.666279965885291148e-02 6.968346442412512998e-01 3.907279843670156128e-01 4.442873937961477893e-01
7.183844468449568366e-01 2.432114103092726243e-01 6.335515386310086594e-02 7.510508004517392200e-01 3.676985069527004546e-01 4.096760572609907669e-01 3.759856198380584491e-02 1.303584243482922567e-01 5.533214672425392777e-01 9.847573508490722327e-01 8.712761110689269950e-01 3.060329969609836276e-01 5.221407470560185393e-01 9.675310815660703723e-01 8.514535535245759679e-02 4.238153773647190814e-01 4.208811789160369354e-01 4.135076925195602104e-02
2.966071548272155578e-01 6.204918000716231896e-01 9.634280710698883698e-02 9.486281030707089945e-01 8.102109935169407029e-01 6.012932424281288712e-01 9.596936608365469468e-03 2.967579263303862236e-01 7.569831570963247991e-03 3.527904338072547219e-01 2.072301081466662032e-01 2.448843373040853200e-01 6.956251535557264054e-01 2.043581098340229163e-01 7.868039198678392632e-01 4.943224640017340743e-02 3.110386275131404865e-02 2.189405878103427572e-01
3.124921831523576055e-01 9.839164878032911066e-01 2.797463538684251683e-01 5.957607359239756040e-01 4.758999350132944173e-01 5.319811123238834538e-01 2.803498489291669227e-01 9.400119147167735889e-01 8.302535204131696878e-01 7.041593650947310934e-01 7.612070271528398324e-01 1.790215477544855327e-01 6.039748868045653474e-01 7.995113803510468520e-01 5.599304641985712871e-01 8.923795938889589330e-02 2.319501144492680522e-01 3.011201349027984309e-01
2.966071548272155578e-01 6.204918000716231896e-01 9.634280710698883698e-02 9.486281030707089945e-01 8.102109935169407029e-01 6.012932424281288712e-01 9.596936608365469468e-03 2.915344266895292247e-01 7.569831570963247991e-03 3.527904338072547219e-01 3.244376747712729436e-01 2.448843373040853200e-01 6.956251535557264054e-01 2.043581098340229163e-01 2.218499306351761069e-01 4.943224640017340743e-02 3.110386275131404865e-02 2.189405878103427572e-01
4.456133462210472018e-01 7.650661470549507959e-01 5.993528251642937787e-01 5.852923554413711482e-01 2.928384897931288755e-01 7.544411428512209916e-01 9.886242837047942711e-02 3.871497354644654054e-01 5.566040648815556713e-01 1.888727187470563562e-01 3.119846235014699376e-01 2.161651851590388196e-01 1.253344990059693798e-01 1.170050257773819213e-01 1.121978837226307313e-01 1.174389817523591173e-01 8.827958401555171530e-01 5.540199083406793790e-01
9.563730318964391852e-02 4.430007452859525685e-01 1.653899321263736510e-01 5.053729098298878064e-01 4.976967405994896509e-01 5.665128914902801682e-01 2.283777447426340590e-01 7.235936621381060530e-01 8.246286060461593959e-02 9.858988208820933519e-01 9.725209238810927914e-02 3.812432483778736003e-01 2.475627252018691715e-01 6.523034267549893128e-01 5.094419007734496407e-02 8.162987545467175199e-01 8.758297710620047694e-01 4.454571196202388172e-01
9.563730318964391852e-02 4.430007452859525685e-01 1.653899321263736510e-01 5.053729098298878064e-01 4.976967405994896509e-01 5.665128914902801682e-01 2.283777447426340590e-01 7.235936621381060530e-01 8.246286060461593959e-02 9.858988208820933519e-01 9.725209238810927914e-02 3.812432483778736003e-01 2.467422086938426684e-01 6.523034267549893128e-01 5.094419007734496407e-02 8.162987545467175199e-01 8.758297710620047694e-01 4.454571196202388172e-01
9.563730318964391852e-02 4.430007452859525685e-01 1.653899321263736510e-01 5.053729098298878064e-01 4.976967405994896509e-01 7.375587133047911692e-01 2.283777447426340590e-01 7.235936621381060530e-01 8.246286060461593959e-02 9.858988208820933519e-01 9.725209238810927914e-02 3.812432483778736003e-01 2.467422086938426684e-01 6.523034267549893128e-01 5.094419007734496407e-02 7.561749620967940233e-01 8.758297710620047694e-01 4.454571196202388172e-01
2.849467940761618578e-01 9.847119203485832362e-01 1.996709552039892532e-01 3.672406722050510774e-01 9.603179186479996465e-01 1.659281318518004422e-01 3.048999989531375743e-02 7.320574708996256952e-01 3.990366898446140453e-02 5.510804515543477056e-01 5.438641838973558018e-01 5.876385193397647422e-01 1.980058729948006579e-01 5.723535978731254525e-01 3.813245964921408993e-01 9.065678903771046127e-01 6.316002480658733376e-01 8.438951896720109369e-01
